%function to estimate T-Stress for surface crack by
% interpolation from T-Stress Tables
%updated to new PAA calculated T-Stress tables on 12/19/2011
function norm_T_stress = T_stress_calc_int(a_over_B,phi,a_over_c,load_type)
%define 3d T-stress array and x,y, z indexes for tension load
Tt1 =[-0.3950   -0.4040   -0.4390   -0.4890   -0.5230   -0.2160
   -0.4710   -0.4860   -0.5320   -0.5880   -0.6140   -0.3400
   -0.4890   -0.5000   -0.5480   -0.5760   -0.6150   -0.4130
   -0.4960   -0.4900   -0.5470   -0.5670   -0.5680   -0.4440
   -0.5080   -0.4980   -0.5550   -0.5760   -0.5190   -0.4450
   -0.5190   -0.5200   -0.5660   -0.5710   -0.4800   -0.4270
   -0.5230   -0.5280   -0.5660   -0.5570   -0.4380   -0.3960
   -0.5240   -0.5260   -0.5660   -0.5460   -0.3940   -0.3670
   -0.5260   -0.5260   -0.5670   -0.5350   -0.3540   -0.3460
   -0.5280   -0.5270   -0.5680   -0.5240   -0.3160   -0.3230
   -0.5290   -0.5280   -0.5700   -0.5130   -0.2810   -0.3050
   -0.5300   -0.5290   -0.5710   -0.5040   -0.2510   -0.3000
   -0.5310   -0.5310   -0.5720   -0.4940   -0.2290   -0.3190
   -0.5320   -0.5320   -0.5740   -0.4860   -0.2150   -0.3700
   -0.5320   -0.5320   -0.5740   -0.4790   -0.2090   -0.4490
   -0.5320   -0.5330   -0.5750   -0.4730   -0.2080   -0.5370
   -0.5330   -0.5340   -0.5750   -0.4700   -0.2100   -0.6130
   -0.5330   -0.5330   -0.5750   -0.4690   -0.2130   -0.6790];

Tt2 = [-0.3870   -0.3860   -0.4010   -0.4100   -0.4220   -0.3740
   -0.4020   -0.4030   -0.4160   -0.4100   -0.3520   -0.2030
   -0.4390   -0.4400   -0.4580   -0.4420   -0.3430   -0.0840
   -0.4640   -0.4600   -0.4820   -0.4580   -0.3310   -0.0630
   -0.4780   -0.4710   -0.4950   -0.4630   -0.3330   -0.1690
   -0.4890   -0.4780   -0.5040   -0.4660   -0.3470   -0.3040
   -0.4980   -0.4880   -0.5120   -0.4700   -0.3630   -0.3800
   -0.5050   -0.5020   -0.5200   -0.4770   -0.3840   -0.4410
   -0.5090   -0.5110   -0.5260   -0.4860   -0.4140   -0.5120
   -0.5110   -0.5160   -0.5310   -0.4990   -0.4480   -0.5860
   -0.5130   -0.5160   -0.5370   -0.5130   -0.4830   -0.6570
   -0.5140   -0.5190   -0.5430   -0.5260   -0.5170   -0.7350
   -0.5150   -0.5200   -0.5490   -0.5390   -0.5500   -0.8230
   -0.5160   -0.5200   -0.5540   -0.5500   -0.5810   -0.9260
   -0.5170   -0.5220   -0.5590   -0.5590   -0.6100   -1.0390
   -0.5170   -0.5230   -0.5620   -0.5650   -0.6330   -1.1500
   -0.5170   -0.5230   -0.5640   -0.5690   -0.6490   -1.2320
   -0.5170   -0.5230   -0.5650   -0.5700   -0.6560   -1.2810];

Tt3 = [-0.4670   -0.5180   -0.4730   -0.4970   -0.5530   -0.5750
   -0.4230   -0.4240   -0.4170   -0.4000   -0.3660   -0.3520
   -0.4180   -0.4180   -0.4070   -0.3690   -0.2960   -0.2100
   -0.4280   -0.4290   -0.4140   -0.3640   -0.2680   -0.1250
   -0.4410   -0.4420   -0.4270   -0.3690   -0.2620   -0.1100
   -0.4540   -0.4550   -0.4410   -0.3810   -0.2810   -0.1800
   -0.4650   -0.4640   -0.4550   -0.3970   -0.3200   -0.3040
   -0.4740   -0.4710   -0.4670   -0.4170   -0.3710   -0.4410
   -0.4820   -0.4760   -0.4790   -0.4410   -0.4280   -0.5520
   -0.4890   -0.4810   -0.4910   -0.4670   -0.4910   -0.6550
   -0.4930   -0.4860   -0.5010   -0.4940   -0.5580   -0.7640
   -0.4970   -0.4900   -0.5110   -0.5220   -0.6240   -0.8790
   -0.5000   -0.4940   -0.5210   -0.5480   -0.6860   -0.9970
   -0.5020   -0.4970   -0.5290   -0.5710   -0.7410   -1.1160
   -0.5030   -0.5000   -0.5360   -0.5910   -0.7870   -1.2340
   -0.5040   -0.5010   -0.5410   -0.6060   -0.8220   -1.3390
   -0.5050   -0.5020   -0.5440   -0.6150   -0.8430   -1.4140
   -0.5050   -0.5020   -0.5450   -0.6180   -0.8530   -1.4620];

Tt4 = [-0.6030   -0.5900   -0.6140   -0.6150   -0.6580   -0.6520
   -0.4950   -0.4900   -0.4960   -0.4930   -0.4950   -0.4800
   -0.4710   -0.4660   -0.4660   -0.4490   -0.4200   -0.3660
   -0.4640   -0.4580   -0.4560   -0.4260   -0.3800   -0.2910
   -0.4630   -0.4560   -0.4530   -0.4160   -0.3590   -0.2460
   -0.4670   -0.4580   -0.4560   -0.4160   -0.3580   -0.2530
   -0.4720   -0.4620   -0.4630   -0.4230   -0.3780   -0.3210
   -0.4770   -0.4670   -0.4710   -0.4370   -0.4150   -0.4250
   -0.4830   -0.4720   -0.4800   -0.4550   -0.4630   -0.5500
   -0.4890   -0.4770   -0.4900   -0.4770   -0.5220   -0.6670
   -0.4940   -0.4830   -0.5000   -0.5020   -0.5800   -0.7680
   -0.4990   -0.4880   -0.5090   -0.5260   -0.6410   -0.8720
   -0.5030   -0.4930   -0.5180   -0.5500   -0.7000   -0.9820
   -0.5060   -0.4970   -0.5260   -0.5730   -0.7550   -1.0960
   -0.5080   -0.5000   -0.5320   -0.5920   -0.8010   -1.2060
   -0.5100   -0.5020   -0.5370   -0.6060   -0.8360   -1.3010
   -0.5110   -0.5030   -0.5400   -0.6150   -0.8580   -1.3680
   -0.5110   -0.5040   -0.5410   -0.6180   -0.8680   -1.4120];

Tt5 = [-0.6620   -0.6460   -0.6760   -0.7180   -0.7480   -0.7640
   -0.5610   -0.5520   -0.5680   -0.5780   -0.5900   -0.6300
   -0.5350   -0.5270   -0.5390   -0.5350   -0.5320   -0.5620
   -0.5230   -0.5140   -0.5240   -0.5120   -0.5010   -0.5250
   -0.5160   -0.5050   -0.5150   -0.4970   -0.4810   -0.4980
   -0.5120   -0.5000   -0.5100   -0.4900   -0.4720   -0.4860
   -0.5110   -0.4980   -0.5080   -0.4880   -0.4770   -0.4980
   -0.5110   -0.4980   -0.5090   -0.4920   -0.4950   -0.5400
   -0.5120   -0.4990   -0.5120   -0.5010   -0.5250   -0.6010
   -0.5140   -0.5010   -0.5170   -0.5140   -0.5620   -0.6780
   -0.5170   -0.5050   -0.5230   -0.5290   -0.6080   -0.7710
   -0.5200   -0.5080   -0.5290   -0.5470   -0.6550   -0.8610
   -0.5220   -0.5120   -0.5350   -0.5650   -0.7020   -0.9530
   -0.5240   -0.5150   -0.5400   -0.5820   -0.7480   -1.0520
   -0.5260   -0.5170   -0.5450   -0.5970   -0.7880   -1.1490
   -0.5270   -0.5190   -0.5490   -0.6080   -0.8190   -1.2320
   -0.5280   -0.5200   -0.5510   -0.6160   -0.8380   -1.2910
   -0.5280   -0.5200   -0.5520   -0.6180   -0.8470   -1.3290];

Tt6 = [-0.7080   -0.6900   -0.7170   -0.7610   -0.8090   -0.8940
   -0.6150   -0.6040   -0.6220   -0.6400   -0.6690   -0.7250
   -0.5940   -0.5830   -0.5990   -0.6070   -0.6200   -0.6560
   -0.5830   -0.5720   -0.5870   -0.5890   -0.5960   -0.6340
   -0.5760   -0.5630   -0.5770   -0.5760   -0.5790   -0.6250
   -0.5700   -0.5570   -0.5700   -0.5660   -0.5720   -0.6200
   -0.5650   -0.5520   -0.5660   -0.5610   -0.5660   -0.6110
   -0.5620   -0.5480   -0.5630   -0.5590   -0.5750   -0.6230
   -0.5590   -0.5450   -0.5610   -0.5600   -0.5860   -0.6410
   -0.5570   -0.5440   -0.5600   -0.5640   -0.6120   -0.6970
   -0.5550   -0.5430   -0.5610   -0.5710   -0.6390   -0.7590
   -0.5540   -0.5420   -0.5620   -0.5800   -0.6750   -0.8370
   -0.5530   -0.5420   -0.5630   -0.5900   -0.7100   -0.9130
   -0.5520   -0.5420   -0.5650   -0.6000   -0.7430   -0.9890
   -0.5510   -0.5420   -0.5660   -0.6100   -0.7740   -1.0640
   -0.5510   -0.5420   -0.5680   -0.6170   -0.7950   -1.1220
   -0.5500   -0.5420   -0.5690   -0.6220   -0.8120   -1.1670
   -0.5500   -0.5430   -0.5690   -0.6230   -0.8130   -1.1720];
%define 3d T-stress array for bending load

